54
53
54
54
55
54
54
53
54
54
54
53
52
52
53
55
55
53
53
54
55
54
55
54
53
53
55
53
53
54
53
53
54
54
54
55
54
55
54
54
56
54
55
55
54
56
55
54
53
53
54
54
54
55
54
54
53
54
54
55
54
54
54
54
55
54
54
53
54
54
55
54
54
55
54
53
54
53
54
54
54
54
54
54
54
55
55
55
54
54
55
55
55
55
54
56
55
54
54
55
55
55
56
57
55
55
55
56
55
55
55
55
55
56
56
55
54
54
57
54
53
53
53
54
53
52
53
54
54
54
54
55
55
56
56
55
55
53
53
53
54
54
54
54
53
55
54
54
54
53
53
53
53
54
53
54
53
54
54
53
54
53
54
54
54
55
53
54
54
54
54
53
53
53
52
46
48
58
56
54
54
56
56
60
58
54
54
58
56
58
55
55
54
53
53
53
53
53
53
53
54
53
54
53
54
53
53
53
53
53
53
53
54
54
53
53
53
54
53
53
53
53
52
52
52
54
56
56
54
54
54
54
56
54
54
54
54
56
56
56
56
54
52
54
54
54
54
54
56
54
56
54
52
52
54
54
